100.1 0.002495
102.119 0.002556
104.138 0.002622
106.158 0.002695
108.177 0.002774
110.196 0.002864
112.215 0.002965
114.234 0.00308
116.254 0.003212
118.273 0.003365
120.292 0.003541
122.311 0.003748
124.33 0.003989
126.349 0.004271
128.369 0.004604
130.388 0.004997
132.407 0.005462
134.426 0.006015
136.445 0.006675
138.465 0.007469
140.484 0.00843
142.503 0.009604
144.522 0.01106
146.541 0.01288
148.561 0.01522
150.58 0.01832
152.599 0.02258
154.618 0.02885
156.637 0.03902
158.657 0.05851
160.676 0.1021
162.695 0.1718
164.714 0.237
166.733 0.2943
168.753 0.3468
170.772 0.3965
172.791 0.4449
174.81 0.4934
176.829 0.5433
178.848 0.5969
180.868 0.6593
182.887 0.7382
184.906 0.8271
186.925 0.9132
188.944 0.9956
190.964 1.076
192.983 1.154
195.002 1.232
197.021 1.311
199.04 1.39
201.06 1.47
203.079 1.552
205.098 1.635
207.117 1.719
209.136 1.805
211.156 1.893
213.175 1.983
215.194 2.075
217.213 2.169
219.232 2.266
221.252 2.364
223.271 2.465
225.29 2.569
227.309 2.675
229.328 2.783
231.347 2.894
233.367 3.008
235.386 3.124
237.405 3.243
239.424 3.364
241.443 3.489
243.463 3.616
245.482 3.746
247.501 3.879
249.52 4.015
251.539 4.154
253.559 4.296
255.578 4.441
257.597 4.59
259.616 4.741
261.635 4.895
263.655 5.053
265.674 5.214
267.693 5.377
269.712 5.545
271.731 5.715
273.751 5.889
275.77 6.066
277.789 6.246
279.808 6.43
281.827 6.617
283.846 6.807
285.866 7.001
287.885 7.198
289.904 7.399
291.923 7.604
293.942 7.812
295.962 8.023
297.981 8.238
300.0 8.457
